31283
30264
33794
37257
40124
43842
44682
46866
47755
45361
44786
39535
34917
33222
38215
41754
45711
49032
49545
51516
51718
49135
46719
40406
37206
35250
40016
42824
46615
49804
50219
52628
53028
51372
48163
41542
39356
37391
42052
46865
51598
54703
55430
57488
58544
57456
53498
45313
41882
40788
45704
48998
53617
56977
58826
60682
61323
60053
54968
48031
44409
43150
49602
54017
57723
64393
64381
66137
66544
64600
60469
53095
48746
48824
55607
58654
62209
67545
68522
69975
70034
68669
66684
59082
53782
53993
61295
64524
69253
72715
71774
76132
75153
73550
69677
60910
56855
55529
62808
67787
72920
78004
78281
79916
76605
76302
71543
63697
59516
58588
63782
69504
73384
77182
78863
79460
76542
75710
71362
63984
59877
58526
64506
69638
74473
80377
82971
85191
83841
83133
77915
71050
64934
64138
73238
78354
83736
89932
93614
96164
92538
90582
86394
77733
72458
73094
81791
88032
93704
100678
103875
107453
104682
104039
98348
88657
82400
82381
92354
97056
101862
106777
107150
108598
103102
100721
93850
85031
79009
78501
87421
93644
99690
105020
106779
109573
104744
104313
94934
84325
78039
77921
83384
89092
93316
97882
100234
100366
97303
96609
86093
77112
67301
67030
71985
75043
76661
82089
83885
84426
82037
79952
71527
64608
55362
54986
60990
66565
68903
74806
73918
76554
75818
73386
67318
60648
50973
51017
57148
61590
65430
72495
72253
76986
75871
73783
68203
62582
56608
56994
61803
67002
72228
77580
78305
81152
79404
80287
73071
66022
58821
58898
64190
70601
75775
80997
84346
86776
85825
86551
79695
73876
67391
66916
73899
80749
85599
90712
92585
93261
93193
94888
86262
80174
71447
71159
79751
88308
94756
102716
104958
106856
106868
103844
94876
86894
78610
79903
88984
92208
97620
105130
106633
109097
107702
106301